image_width: 1280
image_height: 1024
camera_name: eth_video_camera
camera_matrix:
  rows: 3
  cols: 3
  data: [583.8387405870981, 0, 639.5, 0, 583.8387405870981, 511.5, 0, 0, 1]
distortion_model: rational_polynomial
distortion_coefficients:
  rows: 1
  cols: 8
  data: [0.4943378365343756, -0.05820361619985402, 0.0009887682773097079, 0.0007968893279559809, 0.006303027534295906, 0.832592136668581, 0, 0]
rectification_matrix:
  rows: 3
  cols: 3
  data: [1, 0, 0, 0, 1, 0, 0, 0, 1]
projection_matrix:
  rows: 3
  cols: 4
  data: [347.0377502441406, 0, 646.9092156598454, 0, 0, 429.2085571289062, 514.6965297364513, 0, 0, 0, 1, 0]