image_width: 1280
image_height: 1024
camera_name: eth_video_camera
camera_matrix:
  rows: 3
  cols: 3
  data: [607.050302, 0.000000, 639.500000, 0.000000, 607.050302, 511.500000, 0.000000, 0.000000, 1.000000]
distortion_model: plumb_bob
distortion_coefficients:
  rows: 1
  cols: 5
  data: [-0.243376, 0.042986, 0.003872, 0.000895, 0.000000]
rectification_matrix:
  rows: 3
  cols: 3
  data: [1, 0, 0, 0, 1, 0, 0, 0, 1]
projection_matrix:
  rows: 3
  cols: 4
  data: [424.190308, 0.000000, 641.657492, 0.000000, 0.000000, 467.664673, 524.681509, 0.000000, 0.000000, 0.000000, 1.000000, 0.000000]
