image_width: 1280
image_height: 1024
camera_name: eth_video_camera
camera_matrix:
  rows: 3
  cols: 3
  data: [587.8488592195138, 0, 665.2637672438767, 0, 586.0827264291104, 506.8844335712199, 0, 0, 1]
distortion_model: plumb_bob
distortion_coefficients:
  rows: 1
  cols: 5
  data: [-0.2443306631923103, 0.04464155885146387, 0.002161796536362046, -0.001235499006500047, 0]
rectification_matrix:
  rows: 3
  cols: 3
  data: [1, 0, 0, 0, 1, 0, 0, 0, 1]
projection_matrix:
  rows: 3
  cols: 4
  data: [391.0334167480469, 0, 658.1828328748015, 0, 0, 390.9134216308594, 513.851302219995, 0, 0, 0, 1, 0]